1 0.233822932640328 0.18702929011117245 0.08969821399071322 0.08946703302681963
1 0.48980492080013904 0.7224802560595106 0.05263756146035682 0.049933577138763355
1 0.4790791163244842 0.6792165069140117 0.05353888956755476 0.04668879595285077
1 0.4718909637060956 0.6381263046721232 0.050937890995489565 0.04882647582469197
1 0.43771243062881127 0.6114696881408048 0.052257525477237936 0.05199359858088819
1 0.4429909685558049 0.567525859898582 0.05384108685533597 0.051201817891839314
1 0.4366567230434124 0.5245057757935829 0.05172967168453859 0.05067396409913989
1 0.39029361695177395 0.5150036815770713 0.053557170135856896 0.05398222704169704
1 0.4202601288135034 0.47632350314561916 0.05653256847673781 0.0531321132300166
1 0.4100587630733402 0.4285046012386042 0.0548323408533772 0.054407283947537126
1 0.3684031863010071 0.40427635760571645 0.05568245466505751 0.05695762538257796
1 0.4055956655620188 0.3772852440848679 0.05695762538257796 0.04973165798329568
1 0.39411912910433516 0.33052898444245327 0.059507966817618795 0.05143188560665621
1 0.3662779017718064 0.2922738629168412 0.05823279610009834 0.05568245466505754
1 0.4055956655620188 0.272508716795275 0.05780773919425812 0.053557170135856855
1 0.3847746330296924 0.23622612499809417 0.059503518449747474 0.05590451531770633
1 0.3826152311504677 0.19159848616078354 0.06094311970256392 0.05590451531770633
1 0.41221070201027665 0.1567474841322372 0.054670317344057084 0.05661291745272917
1 0.38105709583494146 0.12133821889643294 0.05988990067662023 0.059591940971761376
1 0.38683591909089443 0.06606567695443921 0.07461213359805641 0.06851542229237867
1 0.3777563170896008 0.018222944539442704 0.0612953589053982 0.03644588907888541
1 0.49647945062728865 0.8083226715207608 0.051967205891253275 0.04645113375754477
