1 0.5035345176177266 0.7795035098541806 0.060703186160427976 0.05662431594411444
1 0.49657644489578034 0.7026048095995674 0.05686424948625061 0.055424648233434085
1 0.4775909133270569 0.6549079429358877 0.06042131223512641 0.056205871846629375
1 0.4602022217245059 0.6080111685036208 0.059367452138002076 0.05936745213800222
1 0.46362466588494544 0.5558701702058519 0.057192958438977044 0.05632199968102313
1 0.41165745999369213 0.542950948515655 0.05487040175109982 0.05893487595488495
1 0.4492538463787051 0.5034674849128455 0.05922519554086968 0.0537091234071611
1 0.3968511611084748 0.49040310345243227 0.057192958438977114 0.058354236782915694
1 0.4379620318022585 0.4515442402100603 0.05845653572042636 0.05802029291654264
1 0.43905263881196804 0.39984946794983245 0.05671156450489129 0.05758405011265886
1 0.3880122307575658 0.43671198510046677 0.05627532170100743 0.05802029291654264
1 0.3902947219509626 0.39812746191645987 0.0597652641320778 0.05518471469129808
1 0.38800444723057276 0.3793690210414427 0.05474847188741421 0.053439743475762934
1 0.4200682933160305 0.347196114699924 0.06129211394567093 0.05540283609324001
1 0.3740446775062918 0.32669270274626716 0.059110899926252077 0.05932902132819404
1 0.4237118602110598 0.29565401714106965 0.061073992543729076 0.055839078897123716
1 0.3779063658032631 0.27264220909930503 0.05976526413207779 0.05649344310294943
1 0.42545683142659496 0.24330488074346387 0.0597652641320778 0.05758405011265886
1 0.3724969028203053 0.2275941238608425 0.057901317606392555 0.057306441055641956
1 0.38479101820248446 0.20112211735244045 0.057108148872058354 0.05631498013772429
1 0.43733844685212164 0.19457847529418382 0.05631498013772429 0.06028082380939498
1 0.3905930885985006 0.17321627875142756 0.05965153291273317 0.05326029724351175
1 0.42148406099973734 0.1434724512267536 0.05653785399695863 0.0530964194058394
1 0.37345941823360945 0.12490659352736232 0.057901317606392624 0.055918395770557155
1 0.4240239250474113 0.09684824956584824 0.05790131760639248 0.05453035048547242
1 0.37375685650898466 0.07771305386559328 0.06246203782881381 0.05829790197355958
1 0.42303246412949347 0.05272823890518695 0.057108148872058354 0.0511593833645523
1 0.3718505652178253 0.042330047399846166 0.053746864953339184 0.05515201174950496
1 0.4224409807311703 0.0202937336916521 0.05632547757918957 0.0405874673833042
1 0.35327662304737645 0.012424734913256387 0.0588103992836529 0.024849469826512774
