1 0.5008752350779121 0.7972616447399257 0.062212874400237865 0.057575889972890766
1 0.49314692769900065 0.7091589407415936 0.05834872071078195 0.056803059234999724
1 0.47846314367906856 0.6618230580760753 0.060667212924455434 0.054870982390271765
1 0.4740974162782694 0.6097206765946628 0.05854378428120314 0.054704847607025965
1 0.4275503091038702 0.5893263255883886 0.05662431594411452 0.0542249805227538
1 0.458450651863506 0.5462014175856852 0.057483278024961705 0.056205871846629306
1 0.4063963500964573 0.535982168284293 0.05620587184662917 0.056844574935795575
1 0.44136534422830903 0.4954245221723439 0.059718738837043615 0.05556716875746304
1 0.38709841935094075 0.48423860002834035 0.057104183028386685 0.056624315944114656
1 0.45847864813642425 0.44572926653432277 0.05686424948625074 0.05782398365479495
1 0.41697014534688265 0.44297003078093483 0.06166292032897225 0.05854378428120327
1 0.36970323754607504 0.42185587897884425 0.05830385073906705 0.057104183028386615
1 0.41840974659969904 0.38946485088458926 0.05830385073906712 0.0542249805227538
1 0.3694457907556521 0.3673759882589737 0.06182645903129213 0.05655715854567063
1 0.4145861315824763 0.337340975573608 0.05655715854567063 0.058313592040877854
1 0.3654059937166757 0.31872278044173524 0.05936745213800215 0.054098151652380654
1 0.41160019464062403 0.28570183081451733 0.056205871846629306 0.05409815165238061
1 0.365757280415717 0.2700695727071736 0.05725973194375356 0.05374686495333922
1 0.4361902635735243 0.2395076299181279 0.055503298448546436 0.0565571585456707
1 0.3780523148821672 0.23037417571549168 0.057962305341836426 0.05936745213800215
1 0.4028027011746947 0.23362234153317693 0.0542249805227538 0.059263584907611355
1 0.4464706058434611 0.18863480255207019 0.057104183028386685 0.05566458177557024
1 0.39535975301188514 0.17938411169445512 0.05954714273013586 0.05671156450489126
1 0.4375662442876407 0.13695949905098137 0.059329021328194 0.05780217151460075
1 0.37976407277304 0.14404844449430937 0.05758405011265893 0.054530350485472424
1 0.4098229802138128 0.09892545234967322 0.05804553010354418 0.05389942081043392
1 0.38611805099450835 0.11956586566509499 0.06038898318225876 0.05804553010354419
1 0.41414935512836265 0.07143494476901173 0.06056924880369834 0.05552181140339009
1 0.3551371052887156 0.08012494451484936 0.0567477801526546 0.060675430807611584
1 0.3899869156829013 0.0493543296173914 0.05574136050905373 0.054580082165115194
1 0.3272778851102157 0.046160814012128445 0.06096711305677762 0.05864455636890037
1 0.4267421538726736 0.011656331377283908 0.06546707151245769 0.023312662754567816
1 0.4709805231750731 0.007779072698006753 0.052897684850507505 0.015558145396013502
1 0.3922563074712446 0.01898093738313647 0.060987939448311296 0.03796187476627294
1 0.34682652291488525 0.013068842132651342 0.052275378026543674 0.026137684265302684
1 0.34760536789690094 0.030069694480722355 0.06355095737204103 0.05492846566829677
