1 0.5067650692243696 0.6836806122644827 0.051967205891253275 0.05109624713329922
1 0.4899265332372596 0.6366488393805205 0.05370912340716125 0.050515607961329964
1 0.46645731610225005 0.5743279978095044 0.07606373152797971 0.07374117484010241
1 0.4392015095779522 0.49918166543412035 0.07974208068240536 0.07517535359486673
1 0.42051148022633283 0.41432335388413305 0.09388935410743757 0.09101519020618952
1 0.4093837874512811 0.3155628570271129 0.0746193316043204 0.07198006264082366
1 0.4073393882726091 0.23386696272666213 0.09435386544501298 0.09145066958516641
1 0.40409488217831935 0.13253857362908986 0.07490245318404114 0.07199925732419452
1 0.40512165959587515 0.051581475482243136 0.0933737654087146 0.09111472269721352
1 0.5152717374276656 0.7786682850508582 0.059380449745866815 0.05143188560665607
