1 0.5175549920181567 0.7287895046483139 0.05412824866069869 0.05245417911449152
1 0.5058365051947065 0.6835896269007202 0.05301220229656061 0.0479899936579389
1 0.5013723197381541 0.6389477723351956 0.051896155932422514 0.047989993657939184
1 0.47821435768228815 0.6012812075455342 0.051338132750353364 0.051896155932422375
1 0.4450119783491791 0.5753331295793229 0.053012202296560534 0.052454179114491455
1 0.4712390679064248 0.5398986575179378 0.051896155932422514 0.04854801684000805
1 0.4307823872064182 0.5184147650082791 0.05468627184276777 0.05245417911449152
1 0.4759822649540119 0.4944197681793095 0.05022208638621528 0.04798999365793904
1 0.4405477928926267 0.46512355112068393 0.051896155932422514 0.0496640632041462
1 0.40148617014779264 0.44642977452137045 0.05412824866069862 0.050222086386215344
1 0.4366416306181432 0.4185286154179174 0.053012202296560534 0.04798999365793897
1 0.45115023335193877 0.3755608303986 0.053012202296560534 0.051338132750353295
1 0.3953479151450329 0.3978817576813624 0.051896155932422375 0.05133813275035344
1 0.409577506287794 0.3657954247123915 0.053570225478629684 0.04854801684000812
1 0.40483430924020686 0.33899908310695304 0.05078010956828436 0.04854801684000805
1 0.4405477928926267 0.3186312369614324 0.054128248660698756 0.04910604002207712
1 0.395347915145033 0.30858681968418944 0.05412824866069855 0.05133813275035344
1 0.43971075811952304 0.2711992664855625 0.052454179114491455 0.0513381327503534
1 0.39590593832710197 0.2686881621662517 0.050780109568284215 0.04966406320414627
1 0.39925407741951635 0.22683642351107228 0.0496640632041462 0.05078010956828431
1 0.43719965380021236 0.2059105541834826 0.04966406320414627 0.05245417911449149
1 0.39004669491537686 0.18582171962899646 0.051338132750353295 0.04798999365793906
1 0.42966634084228006 0.1609896880269234 0.05468627184276777 0.04966406320414622
1 0.3749800689995123 0.14285393460967902 0.05022208638621521 0.0513381327503534
1 0.4118095990160701 0.12639225073864174 0.05022208638621528 0.0496640632041462
1 0.44780209425952444 0.10462934663794847 0.05078010956828436 0.05078010956828431
1 0.39785901946434377 0.08398248890139332 0.051338132750353364 0.0496640632041462
1 0.43413052629883253 0.057476387753113034 0.054686271842767684 0.04910604002207717
1 0.3724689646802015 0.04966406320414622 0.051896155932422375 0.05022208638621528
1 0.40762442515055214 0.025390054784142163 0.0496640632041462 0.05078010956828431
1 0.4486391290326282 0.014229591142760994 0.050222086386215344 0.02845918228552198
1 0.4026022165119306 0.0030691275013798227 0.02957522864966002 0.006138255002759645
