1 0.5024626994678453 0.7762397446344447 0.059159899399716095 0.052932541568167145
1 0.4970822779855784 0.7153972005737159 0.055424648233434154 0.052305512185665176
1 0.4811266974335291 0.6718492624501405 0.05758405011265899 0.055424648233434085
1 0.487694591016014 0.6224113145090152 0.05607059900524817 0.058237578676948655
1 0.4364364640211677 0.6142964457449361 0.05901616543896061 0.05866487873991914
1 0.44409865679968463 0.5622005674763246 0.06070318616042791 0.05357715995898645
1 0.45388215812383165 0.5108851021166622 0.058354236782915764 0.05545104092306929
1 0.4014794728536015 0.5013045557108406 0.060386473884808334 0.06125743264276224
1 0.4383500602736527 0.4593533753082984 0.0580639171969311 0.0580639171969311
1 0.38536673583145303 0.4497728288569249 0.056612319267007785 0.056902638852992384
1 0.4233716483984958 0.4089189420488452 0.056612343923173325 0.05765520289017907
1 0.371001442302714 0.40492605209227156 0.056384382401978496 0.056384382401978426
1 0.38863655764971583 0.36953585489072355 0.060463252618291746 0.057104183028386615
1 0.42654164636777125 0.3434999899428777 0.059651532912733174 0.057029487509975677
1 0.37827962317326597 0.319819642399224 0.05784887669833736 0.05719336534764803
1 0.4234555369269041 0.2873905430118482 0.05527152525130873 0.05378172672701468
1 0.3744411654776303 0.26608642450013664 0.055569484956167516 0.05497356554644984
1 0.4211370328349557 0.23857862863409843 0.057365928710717 0.05300350067187921
1 0.36769728935919266 0.21611212387473341 0.05823841431848456 0.05605720029906564
1 0.402487652968924 0.21273124217885797 0.05540283609323993 0.054530350485472424
1 0.41590211918835024 0.17750463588502627 0.05736592871071692 0.05256725786799543
1 0.3739239530731321 0.1594663138491692 0.06127228472731268 0.05770302542280899
1 0.42119504451948614 0.12356924566909663 0.05603168009503854 0.05545104092306918
1 0.3709697561441408 0.10615007085165676 0.05719295843897718 0.05661231926700777
1 0.41834858720554785 0.07065925023257495 0.06007002553608509 0.05444943835142209
1 0.3631965754560429 0.05695906874948776 0.06007002553608495 0.0523417181571735
1 0.4050056348610066 0.02567970510894064 0.058696468820435756 0.05135941021788128
1 0.3531869435366234 0.015606953234848984 0.053395544553586166 0.031213906469697968
