1 0.5073152666271895 0.7578067101159053 0.05585812052511272 0.05647194602538875
1 0.49964244787374 0.6819992608318235 0.05647194602538867 0.053402818524008924
1 0.48122768286546097 0.637189999311678 0.05524429502483685 0.04971986552235315
1 0.4879797633684964 0.589311610290153 0.05401664402428481 0.05094751652290513
1 0.43918063609655744 0.5837871807876692 0.053402818524008924 0.05217516752345701
1 0.4431705018483513 0.5365226172664199 0.057699597025940574 0.05094751652290505
1 0.46496130710814787 0.4950893959977924 0.055858120525112784 0.054016644024284875
1 0.4149345288356569 0.4877234899944807 0.0540166440242848 0.05647194602538875
1 0.446546542099869 0.4481317452266811 0.054630469524560826 0.05094751652290505
1 0.3983612403282058 0.4410727519735074 0.05156134202318107 0.05647194602538875
1 0.4265972133409002 0.4042432219569496 0.05647194602538882 0.051561342023180995
1 0.3731943948168913 0.4039363092068116 0.058927248026492546 0.05463046952456075
1 0.39713358932765386 0.37201738319246147 0.0527889930237329 0.04971986552235322
1 0.4358045958450396 0.346850537681147 0.05769959702594065 0.053402818524008924
1 0.3866985558229624 0.3296634236734199 0.051561342023180995 0.04971986552235311
1 0.42843868984172817 0.2962099339083798 0.05278899302373297 0.05033369102262906
1 0.38455016657199664 0.2842403366529986 0.0570857715256647 0.05340281852400896
1 0.4235280858395204 0.24863845763699266 0.05647194602538875 0.053402818524008924
1 0.37043218006564943 0.2514006723882345 0.05340281852400885 0.05156134202318104
1 0.430598588443589 0.1998002003398264 0.05340281852400885 0.05217516752345699
1 0.38640315242371953 0.2298776498533487 0.0558581205251128 0.050947516522905086
1 0.38272019942206387 0.18199926083182347 0.052175167523456946 0.052175167523456946
1 0.42967785019317517 0.14885268381692138 0.05278899302373297 0.04971986552235311
1 0.38026489742096 0.1332001335598843 0.053402818524008924 0.0503336910226291
1 0.41494603818655196 0.10987476454939764 0.0527889930237329 0.05033369102262906
1 0.3575533539107494 0.09238073779153265 0.055858120525112784 0.05340281852400891
1 0.40204419332986163 0.08562865728849704 0.05033369102262917 0.05094751652290505
1 0.4324285555935219 0.05524429502483679 0.053402818524008924 0.052788993023732925
1 0.3860847303226865 0.03744335551683383 0.05769959702594072 0.054016644024284875
1 0.42874560259186595 0.015038724756761131 0.0583134225262166 0.030077449513522262
1 0.37411513306730526 0.007365906003311572 0.05094751652290513 0.014731812006623147
1 0.410944663083863 0.004603691252069732 0.044809261520145395 0.009207382504139466
