1 0.5308677538522768 0.7550683292466945 0.0536510594899643 0.048222083232051176
1 0.5361370543378983 0.7111574919416762 0.05141559867788239 0.044709216241636936
1 0.5133034189002053 0.6777852556329542 0.05301235640079802 0.053970411034547396
1 0.48392307679855806 0.6445726949963096 0.05428976257913057 0.05205430176704866
1 0.5370951089716476 0.6394630703581404 0.05141559867788231 0.05013819249954999
1 0.4780949918095451 0.5526402973843524 0.11595552391318861 0.11034477275609875
1 0.44606695395449103 0.4425293058531038 0.11268258573821953 0.108006959773978
1 0.4270343861119133 0.3384046526327903 0.1164230865096127 0.11268258573821946
1 0.432645137269003 0.22291669061908848 0.13138508959518547 0.1276445888237922
1 0.44099525785451354 0.1014289093065381 0.1190687196207187 0.1190687196207186
1 0.3946907557797896 0.05236818626478167 0.057329383521086755 0.05181694279790532
1 0.4200479746951071 0.02204976289272568 0.1697831574513536 0.04409952578545135
1 0.5322458789501728 0.8347133342183642 0.054870982390271834 0.06298570513812905
