1 0.49951652004182434 0.7170712703610053 0.05657762915418743 0.056250590835377076
1 0.4865985067215052 0.6698142334565257 0.0569046674729978 0.05461539924132552
1 0.46419638221022425 0.628443886045212 0.05526947587894618 0.05232613100965309
1 0.4746616082485415 0.5790611001775408 0.053307245966084195 0.05232613100965318
1 0.4259328985821886 0.5681053163065124 0.055923552516566846 0.05984801234229081
1 0.456838019709765 0.5268984881364106 0.0582128207482392 0.05853985906704949
1 0.4056565227886791 0.5244457004453751 0.053961322603704925 0.05428836092251508
1 0.4120337701963628 0.48340239176190514 0.05298020764727375 0.05003686277798081
1 0.44277537178276943 0.45462301935210014 0.05559651419775655 0.05396132260370479
1 0.39633593045716453 0.4392522185588969 0.05625059083537721 0.05396132260370479
1 0.4350899712634578 0.40360504205399067 0.05723170579180823 0.059193935704670145
1 0.38603422325102565 0.38937887499485896 0.053307245966084195 0.054942437560135886
1 0.4182474980901458 0.3588007922678997 0.054288360922515225 0.055923552516566846
1 0.3588900432806081 0.34735445083684896 0.0572317057918081 0.055269475878946255
1 0.4000968712325589 0.3233171347587852 0.053961322603704856 0.05559651419775644
1 0.43198310748017976 0.2963364733751262 0.054942437560135886 0.05330724596608423
1 0.38456255117087484 0.276714174028355 0.05494243756013582 0.05657762915418751
1 0.42854920513267125 0.24450089984368847 0.05461539924132552 0.05559651419775648
1 0.38161920632885066 0.22585971588965073 0.05232613100965324 0.05167205437203254
1 0.36036171552437246 0.18416232988683767 0.05625059083537721 0.05723170579180818
1 0.414813595769906 0.2014953610292054 0.05657762915418751 0.05396132260370483
1 0.40402133135824064 0.1743511804316033 0.05199909269084287 0.04872870950273953
1 0.4236436303505162 0.13952159950557175 0.05592355251656677 0.056904667472997834
1 0.37491492073870103 0.12513191323249703 0.052653169328463534 0.054942437560135865
1 0.41742990229312 0.0928788825421344 0.05723170579180824 0.058212820748239164
1 0.3672295203557338 0.07619992820100074 0.052980207647273826 0.05755874411061849
1 0.40778227183367727 0.04382313488419794 0.05298020764727375 0.052326131009653186
1 0.44473759941867824 0.02027637576624061 0.05690467246320658 0.04055275153248122
1 0.36281450055668996 0.026326584664231763 0.05396131761349615 0.05265316932846353
1 0.40042389944824236 0.012263936955387468 0.045458321324427474 0.024527873910774933
1 0.5052577667280234 0.8352566146981647 0.06099010421594464 0.07571185350944845
