1 0.5259983684550794 0.7612776827108568 0.051896155932422444 0.05022208638621522
1 0.5190230786792163 0.6786902517646363 0.052454179114491455 0.05357022547862954
1 0.5151169164047329 0.6334903740170423 0.05357022547862961 0.052454179114491524
1 0.4891688384385216 0.6002879946839335 0.05078010956828436 0.04854801684000812
1 0.4757762820688643 0.5581572444377195 0.05078010956828429 0.04687394729380088
1 0.49028488480265964 0.515189459418402 0.051896155932422444 0.04910604002207712
1 0.44452698387299683 0.5143524246452983 0.051896155932422514 0.05078010956828436
1 0.46824296911093183 0.4747327787183952 0.05022208638621521 0.04854801684000805
1 0.4202529754529929 0.4764068482646025 0.047989993657939045 0.05078010956828436
1 0.43866774046127177 0.4376242371108029 0.05133813275035344 0.0491060400220772
1 0.464615818427483 0.4077699968701083 0.053012202296560604 0.04854801684000812
1 0.4194159406798893 0.4002366839121757 0.0496640632041462 0.052454179114491455
1 0.392909839531609 0.36312814230458346 0.05133813275035344 0.053012202296560604
1 0.44536401864610053 0.36480221185079076 0.04910604002207712 0.04966406320414613
1 0.42164803340816553 0.33578500638319964 0.05078010956828436 0.04966406320414627
1 0.45206029683092924 0.305930766142505 0.05133813275035344 0.050222086386215316
1 0.4079764654474737 0.29114315181767497 0.050222086386215344 0.04966406320414625
1 0.4381097172792028 0.26296298112318744 0.05357022547862954 0.050222086386215246
1 0.38481850339160767 0.25877780725766963 0.05078010956828436 0.05189615593242248
1 0.4127196624950605 0.233532701695901 0.05078010956828429 0.04854801684000812
1 0.4503862272847219 0.20925869327589702 0.05022208638621522 0.047989993657939045
1 0.407697453856439 0.18665875440210009 0.053012202296560534 0.04854801684000808
1 0.4403418100074789 0.1660118966655449 0.04910604002207712 0.04631592411173184
1 0.38399347444476944 0.15645687879198716 0.05259695316271434 0.04916671708688515
1 0.4141033244437146 0.13759058037492664 0.04954785442864406 0.05183467847919674
1 0.44726227317673006 0.11148267246444886 0.05259695316271426 0.04687989303633234
1 0.4053371655832622 0.09585604145233809 0.051834678479196795 0.049928991770402734
1 0.44478488045529785 0.06650846613691051 0.049166717086885185 0.047642167719849936
1 0.39580873203929223 0.0699387022127397 0.05031012911216152 0.04840444240336754
1 0.4081956956464532 0.04421193164402075 0.0522158158209556 0.05183467847919674
1 0.4394489576706749 0.019438004429698775 0.05221581582095554 0.03887600885939755
1 0.3979049874189656 0.011815257594522783 0.052215815820955525 0.023630515189045565
