1 0.5374880687711743 0.8023661596342089 0.059120952504851304 0.056009323425648745
1 0.5362434176065065 0.7311098537204671 0.056631649241489154 0.05165304271476472
1 0.5387327214925531 0.6853689066713105 0.05538699760980799 0.04978606526724334
1 0.514462013688855 0.6514521491890971 0.05538699760980813 0.054142345978127074
1 0.5132173634063235 0.5913977091020733 0.08650328840183512 0.08339165932263243
1 0.46778757724136255 0.5120511664927067 0.11761957919386198 0.11139632103545656
1 0.4497401286857676 0.4040776373405922 0.1151302759304999 0.11326329848297831
1 0.42578058477590697 0.2973487602871722 0.12073120827306467 0.11761957919386205
1 0.4453838475078706 0.18700890745252077 0.11637492756218094 0.11388562429881882
1 0.4298257037723491 0.07467909790086479 0.11139632103545673 0.10828469195625394
